function colors = blindcolors

colors = [0,0,0; 230,159,0; 86,180,233; 0,158,115; 240,228,66; 0,114,178;213,94,0; 204,121,167]./255;

end